"C:\Users\Marcus Washington\Anaconda3\python.exe" "C:/Users/Marcus Washington/Documents/GitHub/assignment-2-MarcusW4444/dip_hw2_dft.py"
---------------Input Matrix----------------
[[152 120   1 211 104  58 194 197 140 104  49 133 208 202 107]
 [237  54 221 123 100 225  55 255  22 125   0 159 244  96 136]
 [224  77 176  14  11 135 126  25 206 137 162   3  31 242  51]
 [138   5  65 250 200  14 226  42 224  18 221  62  36  67   2]
 [ 35   0  32 185  92  25  66   9 179 183 245  74  17 195 244]
 [114 157   2  66 119 198  96  86 119 179   4 209  16  93  17]
 [116 117 199 186 101 195  82  79 228  89 226 231  40 230  80]
 [181 195 123 183  60  61 248 125 123 103  63  86 192 136  14]
 [103 252 169   3 229  93 201 219  73  45  71 127 147 220  49]
 [192 215 184 116  71 244   5  44 240  98   6 116 122  70  22]
 [ 29 166 231 246 102 147   7 253 188 117  22 246 237  95 162]
 [221 246 125  44 119 126 117 166 108 215 200 116 213  54 125]
 [ 16  59 216 231 192  68 227 153 168 143 137 155 187  84 103]
 [ 28  51 198  88 171 248 104 113 129  65 226 239 176   3 168]
 [117  24  95  64  53 170  52 123  84 245 120 246 254   5 113]]
C:\Users\Marcus Washington\Documents\GitHub\assignment-2-MarcusW4444\DFT\DFT.py:28: ComplexWarning: Casting complex values to real discards the imaginary part
  newimage[u,v] = t
---------------Forward Fourier Transform----------------
[[  2.84700000e+04  -6.88905159e+02  -5.64621536e+02  -7.94672942e+02
    5.99821567e+02   3.22500000e+02   7.14672942e+02   4.48705128e+02
    4.48705128e+02   7.14672942e+02   3.22500000e+02   5.99821567e+02
   -7.94672942e+02  -5.64621536e+02  -6.88905159e+02]
 [ -2.15785507e+02  -3.84546987e+02  -1.70506496e+02   1.66295338e+03
    8.08222610e+02   2.41888264e+02  -1.44327987e+03   2.68085700e+02
   -5.48718656e+02   2.24596990e+03   1.36223253e+03  -5.05766971e+02
   -1.13305094e+03  -6.20569232e+02  -5.71514988e+02]
 [  3.75426454e+02   5.92066946e+01   3.92259427e+02  -5.04697103e+02
   -4.13870121e+02   7.69488179e+01   3.60983203e+02   4.80431367e+02
    4.17738484e+02   3.30962126e+01   6.73313584e+02   9.04300121e+02
   -3.26410427e+02   2.38034849e+02   1.29315049e+03]
 [  1.82868217e+02   7.33111280e+01   2.40270304e+02  -8.83553582e+02
    7.97137891e+02  -3.83665692e+02  -6.69539553e+01  -1.00537030e+03
   -3.07052524e+02  -5.63616708e+02   3.10245812e+02   8.73572757e+02
    5.13294449e+02   7.49213743e+00   5.18858183e+02]
 [  1.82296743e+02  -5.48910854e+02   1.07352457e+03  -4.38473959e+02
   -3.10868235e+02   1.24981409e+03  -5.10845743e+02  -8.58569635e+02
    1.34581591e+02  -1.52149188e+03   1.32527336e+03   5.70454235e+02
   -3.95826847e+02  -2.49427240e+02   5.88207404e+02]
 [  2.14500000e+02  -6.29187924e+02  -3.67911657e+02  -2.85153515e+02
    1.47431231e+03   9.81000000e+02   5.43436691e+02   1.06710520e+02
    1.48916089e+02   1.29596338e+02  -5.11500000e+02  -8.12090664e+02
   -1.01737951e+03  -4.05334905e+02  -2.74137682e+01]
 [ -1.60368217e+02  -8.42546512e+02   2.46224905e+02  -1.50388329e+03
    6.94585455e+02  -2.81954033e+02  -3.18946418e+02   1.81891209e+02
   -1.15875258e+02  -1.35829445e+03   5.95373913e+02   4.21068983e+01
   -3.33046045e+02  -4.15120816e+02   5.30145387e+01]
 [  3.60623102e+01  -2.21161254e+02   6.26128200e+02  -7.42705545e+00
   -1.76530895e+03  -5.21015943e+02   3.44890266e+02  -2.17844205e+02
   -5.79740958e+01   4.93928686e+02  -7.37954716e+02   1.42487394e+02
    1.22668218e+03   8.44449760e+02   9.63795026e+02]
 [  3.60623102e+01   9.63795026e+02   8.44449760e+02   1.22668218e+03
    1.42487394e+02  -7.37954716e+02   4.93928686e+02  -5.79740958e+01
   -2.17844205e+02   3.44890266e+02  -5.21015943e+02  -1.76530895e+03
   -7.42705545e+00   6.26128200e+02  -2.21161254e+02]
 [ -1.60368217e+02   5.30145387e+01  -4.15120816e+02  -3.33046045e+02
    4.21068983e+01   5.95373913e+02  -1.35829445e+03  -1.15875258e+02
    1.81891209e+02  -3.18946418e+02  -2.81954033e+02   6.94585455e+02
   -1.50388329e+03   2.46224905e+02  -8.42546512e+02]
 [  2.14500000e+02  -2.74137682e+01  -4.05334905e+02  -1.01737951e+03
   -8.12090664e+02  -5.11500000e+02   1.29596338e+02   1.48916089e+02
    1.06710520e+02   5.43436691e+02   9.81000000e+02   1.47431231e+03
   -2.85153515e+02  -3.67911657e+02  -6.29187924e+02]
 [  1.82296743e+02   5.88207404e+02  -2.49427240e+02  -3.95826847e+02
    5.70454235e+02   1.32527336e+03  -1.52149188e+03   1.34581591e+02
   -8.58569635e+02  -5.10845743e+02   1.24981409e+03  -3.10868235e+02
   -4.38473959e+02   1.07352457e+03  -5.48910854e+02]
 [  1.82868217e+02   5.18858183e+02   7.49213743e+00   5.13294449e+02
    8.73572757e+02   3.10245812e+02  -5.63616708e+02  -3.07052524e+02
   -1.00537030e+03  -6.69539553e+01  -3.83665692e+02   7.97137891e+02
   -8.83553582e+02   2.40270304e+02   7.33111280e+01]
 [  3.75426454e+02   1.29315049e+03   2.38034849e+02  -3.26410427e+02
    9.04300121e+02   6.73313584e+02   3.30962126e+01   4.17738484e+02
    4.80431367e+02   3.60983203e+02   7.69488179e+01  -4.13870121e+02
   -5.04697103e+02   3.92259427e+02   5.92066946e+01]
 [ -2.15785507e+02  -5.71514988e+02  -6.20569232e+02  -1.13305094e+03
   -5.05766971e+02   1.36223253e+03   2.24596990e+03  -5.48718656e+02
    2.68085700e+02  -1.44327987e+03   2.41888264e+02   8.08222610e+02
    1.66295338e+03  -1.70506496e+02  -3.84546987e+02]]
---------------Inverse Fourier Transform----------------
[[  10.   10.   17.   23.   29.   35.   40.   46.   52.   58.   64.   70.
    76.   82.   87.]
 [  14.   17.   22.   29.   35.   41.   47.   53.   59.   65.   70.   76.
    82.   88.   94.]
 [  19.   23.   27.   34.   41.   47.   52.   58.   64.   70.   76.   82.
    88.   94.   99.]
 [  25.   29.   33.   40.   46.   52.   58.   64.   70.   76.   82.   88.
    93.   99.  105.]
 [  30.   35.   39.   46.   52.   58.   64.   70.   76.   82.   88.   93.
    99.  105.  111.]
 [  36.   41.   45.   52.   58.   64.   70.   76.   82.   88.   93.   99.
   105.  111.  117.]
 [  42.   47.   51.   58.   64.   70.   76.   82.   88.   93.   99.  105.
   111.  117.  123.]
 [  48.   52.   57.   64.   70.   76.   82.   88.   93.   99.  105.  111.
   117.  123.  129.]
 [  53.   58.   63.   70.   76.   82.   88.   93.   99.  105.  111.  117.
   123.  129.  134.]
 [  59.   64.   68.   75.   82.   88.   93.   99.  105.  111.  117.  123.
   129.  134.  140.]
 [  65.   70.   74.   81.   87.   93.   99.  105.  111.  117.  123.  129.
   134.  140.  146.]
 [  71.   76.   80.   87.   93.   99.  105.  111.  117.  123.  129.  134.
   140.  146.  152.]
 [  77.   82.   86.   93.   99.  105.  111.  117.  123.  129.  134.  140.
   146.  152.  158.]
 [  83.   88.   92.   99.  105.  111.  117.  123.  129.  134.  140.  146.
   152.  158.  164.]
 [  89.   93.   98.  105.  111.  117.  123.  129.  134.  140.  146.  152.
   158.  164.  170.]]
---------------Magnitude of the inverse Forward Fourier Transform ----------------
[[  2.63588815e+02   4.68351779e-01   5.76887713e-01   2.76007175e-01
    1.57063225e-01   4.19804945e-01   6.08914184e-01   1.20898380e-01
    1.20898380e-01   6.08914184e-01   4.19804945e-01   1.57063225e-01
    2.76007175e-01   5.76887713e-01   4.68351779e-01]
 [  2.15727152e-01   8.45941149e+00   8.58249936e+00   8.69509865e+00
    8.71747486e+00   8.65663120e+00   8.55838785e+00   8.58500841e+00
    8.76491677e+00   8.58180763e+00   8.65099448e+00   8.70244720e+00
    8.68739063e+00   8.66137243e+00   8.53076374e+00]
 [  4.31971240e-02   8.58663432e+00   8.48659544e+00   8.67052307e+00
    8.66359225e+00   8.64673101e+00   8.56430747e+00   8.65734926e+00
    8.59761249e+00   8.64209784e+00   8.67369361e+00   8.67268242e+00
    8.66157751e+00   8.62820098e+00   8.60212364e+00]
 [  0.00000000e+00   8.53619671e+00   8.63058410e+00   8.58575929e+00
    8.65614454e+00   8.60716432e+00   8.62365328e+00   8.66509010e+00
    8.63850610e+00   8.58575929e+00   8.64167033e+00   8.70369238e+00
    8.68155015e+00   8.59585433e+00   8.62163854e+00]
 [  2.46830922e-03   8.54183343e+00   8.60748982e+00   8.63970450e+00
    8.61253859e+00   8.58761919e+00   8.62949375e+00   8.64819231e+00
    8.63833125e+00   8.60607398e+00   8.57383671e+00   8.63428176e+00
    8.71331313e+00   8.61640301e+00   8.55627741e+00]
 [  1.20017262e-02   8.61909926e+00   8.61703560e+00   8.64460057e+00
    8.64857091e+00   8.63412692e+00   8.63012635e+00   8.64617757e+00
    8.63332713e+00   8.63012635e+00   8.59528852e+00   8.64521315e+00
    8.64460057e+00   8.69386369e+00   8.57620114e+00]
 [  4.34226533e-02   8.61847431e+00   8.62025897e+00   8.64365616e+00
    8.62929000e+00   8.62849020e+00   8.64365616e+00   8.60515590e+00
    8.61401599e+00   8.58023063e+00   8.62034444e+00   8.64483455e+00
    8.63812750e+00   8.60587022e+00   8.63743576e+00]
 [  1.74998337e-01   8.65135654e+00   8.65927222e+00   8.69999471e+00
    8.70060730e+00   8.65740209e+00   8.64146525e+00   8.68667416e+00
    8.65263827e+00   8.61262619e+00   8.66494549e+00   8.71340118e+00
    8.69104915e+00   8.64722158e+00   8.65855789e+00]
 [  1.74998337e-01   8.65855789e+00   8.64722158e+00   8.69104915e+00
    8.71340118e+00   8.66494549e+00   8.61262619e+00   8.65263827e+00
    8.68667416e+00   8.64146525e+00   8.65740209e+00   8.70060730e+00
    8.69999471e+00   8.65927222e+00   8.65135654e+00]
 [  4.34226533e-02   8.63743576e+00   8.60587022e+00   8.63812750e+00
    8.64483455e+00   8.62034444e+00   8.58023063e+00   8.61401599e+00
    8.60515590e+00   8.64365616e+00   8.62849020e+00   8.62929000e+00
    8.64365616e+00   8.62025897e+00   8.61847431e+00]
 [  1.20017262e-02   8.57620114e+00   8.69386369e+00   8.64460057e+00
    8.64521315e+00   8.59528852e+00   8.63012635e+00   8.63332713e+00
    8.64617757e+00   8.63012635e+00   8.63412692e+00   8.64857091e+00
    8.64460057e+00   8.61703560e+00   8.61909926e+00]
 [  2.46830922e-03   8.55627741e+00   8.61640301e+00   8.71331313e+00
    8.63428176e+00   8.57383671e+00   8.60607398e+00   8.63833125e+00
    8.64819231e+00   8.62949375e+00   8.58761919e+00   8.61253859e+00
    8.63970450e+00   8.60748982e+00   8.54183343e+00]
 [  4.41541508e-14   8.62163854e+00   8.59585433e+00   8.68155015e+00
    8.70369238e+00   8.64167033e+00   8.58575929e+00   8.63850610e+00
    8.66509010e+00   8.62365328e+00   8.60716432e+00   8.65614454e+00
    8.58575929e+00   8.63058410e+00   8.53619671e+00]
 [  4.31971240e-02   8.60212364e+00   8.62820098e+00   8.66157751e+00
    8.67268242e+00   8.67369361e+00   8.64209784e+00   8.59761249e+00
    8.65734926e+00   8.56430747e+00   8.64673101e+00   8.66359225e+00
    8.67052307e+00   8.48659544e+00   8.58663432e+00]
 [  2.15727152e-01   8.53076374e+00   8.66137243e+00   8.68739063e+00
    8.70244720e+00   8.65099448e+00   8.58180763e+00   8.76491677e+00
    8.58500841e+00   8.55838785e+00   8.65663120e+00   8.71747486e+00
    8.69509865e+00   8.58249936e+00   8.45941149e+00]]
---------------Discrete Cosine Transform----------------
[[  2.84700000e+04  -6.88905159e+02  -5.64621536e+02  -7.94672942e+02
    5.99821567e+02   3.22500000e+02   7.14672942e+02   4.48705128e+02
    4.48705128e+02   7.14672942e+02   3.22500000e+02   5.99821567e+02
   -7.94672942e+02  -5.64621536e+02  -6.88905159e+02]
 [ -2.15785507e+02  -3.84546987e+02  -1.70506496e+02   1.66295338e+03
    8.08222610e+02   2.41888264e+02  -1.44327987e+03   2.68085700e+02
   -5.48718656e+02   2.24596990e+03   1.36223253e+03  -5.05766971e+02
   -1.13305094e+03  -6.20569232e+02  -5.71514988e+02]
 [  3.75426454e+02   5.92066946e+01   3.92259427e+02  -5.04697103e+02
   -4.13870121e+02   7.69488179e+01   3.60983203e+02   4.80431367e+02
    4.17738484e+02   3.30962126e+01   6.73313584e+02   9.04300121e+02
   -3.26410427e+02   2.38034849e+02   1.29315049e+03]
 [  1.82868217e+02   7.33111280e+01   2.40270304e+02  -8.83553582e+02
    7.97137891e+02  -3.83665692e+02  -6.69539553e+01  -1.00537030e+03
   -3.07052524e+02  -5.63616708e+02   3.10245812e+02   8.73572757e+02
    5.13294449e+02   7.49213743e+00   5.18858183e+02]
 [  1.82296743e+02  -5.48910854e+02   1.07352457e+03  -4.38473959e+02
   -3.10868235e+02   1.24981409e+03  -5.10845743e+02  -8.58569635e+02
    1.34581591e+02  -1.52149188e+03   1.32527336e+03   5.70454235e+02
   -3.95826847e+02  -2.49427240e+02   5.88207404e+02]
 [  2.14500000e+02  -6.29187924e+02  -3.67911657e+02  -2.85153515e+02
    1.47431231e+03   9.81000000e+02   5.43436691e+02   1.06710520e+02
    1.48916089e+02   1.29596338e+02  -5.11500000e+02  -8.12090664e+02
   -1.01737951e+03  -4.05334905e+02  -2.74137682e+01]
 [ -1.60368217e+02  -8.42546512e+02   2.46224905e+02  -1.50388329e+03
    6.94585455e+02  -2.81954033e+02  -3.18946418e+02   1.81891209e+02
   -1.15875258e+02  -1.35829445e+03   5.95373913e+02   4.21068983e+01
   -3.33046045e+02  -4.15120816e+02   5.30145387e+01]
 [  3.60623102e+01  -2.21161254e+02   6.26128200e+02  -7.42705545e+00
   -1.76530895e+03  -5.21015943e+02   3.44890266e+02  -2.17844205e+02
   -5.79740958e+01   4.93928686e+02  -7.37954716e+02   1.42487394e+02
    1.22668218e+03   8.44449760e+02   9.63795026e+02]
 [  3.60623102e+01   9.63795026e+02   8.44449760e+02   1.22668218e+03
    1.42487394e+02  -7.37954716e+02   4.93928686e+02  -5.79740958e+01
   -2.17844205e+02   3.44890266e+02  -5.21015943e+02  -1.76530895e+03
   -7.42705545e+00   6.26128200e+02  -2.21161254e+02]
 [ -1.60368217e+02   5.30145387e+01  -4.15120816e+02  -3.33046045e+02
    4.21068983e+01   5.95373913e+02  -1.35829445e+03  -1.15875258e+02
    1.81891209e+02  -3.18946418e+02  -2.81954033e+02   6.94585455e+02
   -1.50388329e+03   2.46224905e+02  -8.42546512e+02]
 [  2.14500000e+02  -2.74137682e+01  -4.05334905e+02  -1.01737951e+03
   -8.12090664e+02  -5.11500000e+02   1.29596338e+02   1.48916089e+02
    1.06710520e+02   5.43436691e+02   9.81000000e+02   1.47431231e+03
   -2.85153515e+02  -3.67911657e+02  -6.29187924e+02]
 [  1.82296743e+02   5.88207404e+02  -2.49427240e+02  -3.95826847e+02
    5.70454235e+02   1.32527336e+03  -1.52149188e+03   1.34581591e+02
   -8.58569635e+02  -5.10845743e+02   1.24981409e+03  -3.10868235e+02
   -4.38473959e+02   1.07352457e+03  -5.48910854e+02]
 [  1.82868217e+02   5.18858183e+02   7.49213743e+00   5.13294449e+02
    8.73572757e+02   3.10245812e+02  -5.63616708e+02  -3.07052524e+02
   -1.00537030e+03  -6.69539553e+01  -3.83665692e+02   7.97137891e+02
   -8.83553582e+02   2.40270304e+02   7.33111280e+01]
 [  3.75426454e+02   1.29315049e+03   2.38034849e+02  -3.26410427e+02
    9.04300121e+02   6.73313584e+02   3.30962126e+01   4.17738484e+02
    4.80431367e+02   3.60983203e+02   7.69488179e+01  -4.13870121e+02
   -5.04697103e+02   3.92259427e+02   5.92066946e+01]
 [ -2.15785507e+02  -5.71514988e+02  -6.20569232e+02  -1.13305094e+03
   -5.05766971e+02   1.36223253e+03   2.24596990e+03  -5.48718656e+02
    2.68085700e+02  -1.44327987e+03   2.41888264e+02   8.08222610e+02
    1.66295338e+03  -1.70506496e+02  -3.84546987e+02]]